crossing time (s)	slope (V/s)	crossing number
8099.055261	-117.416992	4000
8100.105008	-118.682936	4001
8101.068524	-116.699699	4002
8102.030399	-114.612042	4003
8103.079614	-114.375834	4004
8104.020084	-114.881183	4005
8105.118410	-115.245237	4006
8106.061283	-111.591635	4007
8107.063526	-111.001796	4008
8108.098667	-115.109265	4009
8109.082144	-110.828630	4010
8110.096976	-112.118360	4011
8111.121853	-108.733089	4012
8112.118337	-110.891199	4013
8113.166182	-108.110656	4014
8114.112672	-108.193514	4015
8115.172727	-105.529477	4016
8116.098634	-105.624863	4017
8117.147751	-104.181306	4018
8118.147115	-103.118420	4019
8119.198120	-100.611497	4020
8120.148168	-100.268498	4021
8121.177707	-100.655778	4022
8122.160972	-98.180678	4023
8123.227494	-99.171209	4024
8124.193165	-98.463793	4025
8125.213505	-99.357069	4026
8126.164636	-97.392534	4027
8127.219084	-96.450017	4028
8128.188871	-97.449793	4029
8129.218524	-94.167639	4030
8130.173924	-92.867158	4031
8131.239198	-93.248835	4032
8132.235304	-92.800128	4033
8133.251360	-91.598609	4034
8134.172940	-88.431409	4035
8135.269582	-88.978699	4036
8136.233085	-91.001663	4037
8137.254566	-87.280370	4038
8138.204742	-89.979545	4039
8139.259833	-86.748360	4040
8140.224741	-85.842276	4041
8141.276029	-87.789691	4042
8142.273937	-84.738075	4043
8143.281759	-88.658381	4044
8144.269814	-82.622477	4045
8145.315765	-84.539433	4046
8146.296662	-83.459059	4047
8147.350325	-81.233677	4048
8148.298056	-82.064630	4049
8149.368207	-80.777393	4050
8150.298696	-79.024496	4051
8151.347935	-78.597837	4052
8152.303948	-77.326268	4053
8153.360531	-78.385169	4054
8154.333361	-76.477049	4055
8155.374131	-77.954441	4056
8156.366936	-72.847075	4057
8157.368165	-74.613602	4058
8158.353346	-75.472640	4059
8159.376985	-73.573014	4060
8160.350100	-72.633145	4061
8161.403533	-72.471266	4062
8162.407258	-70.733035	4063
8163.425364	-70.924721	4064
8164.404200	-71.474570	4065
8165.414010	-68.792757	4066
8166.432523	-70.035891	4067
8167.426588	-66.643903	4068
8168.370753	-67.561122	4069
8169.485256	-63.754440	4070
8170.426399	-66.402278	4071
8171.452453	-67.789281	4072
8172.420191	-65.515177	4073
8173.481525	-65.294517	4074
8174.445439	-64.904892	4075
8175.472635	-63.403393	4076
8176.472353	-64.088665	4077
8177.469329	-61.987551	4078
8178.445329	-62.369342	4079
8179.538358	-58.895924	4080
8180.459797	-60.887907	4081
8181.527432	-60.861492	4082
8182.467336	-59.481504	4083
8183.514544	-59.864733	4084
8184.483044	-58.437338	4085
8185.525115	-57.548500	4086
8186.539308	-56.214275	4087
8187.545601	-57.382911	4088
8188.521337	-55.409729	4089
8189.563278	-54.384476	4090
8190.517623	-55.346034	4091
8191.591616	-54.062581	4092
8192.511200	-52.867426	4093
8193.608358	-53.588754	4094
8194.557322	-52.473085	4095
8195.602343	-52.490978	4096
8196.545799	-51.916492	4097
8197.619770	-50.735363	4098
8198.577222	-50.372716	4099
8199.626746	-50.739495	4100
8200.572005	-49.444698	4101
8201.622516	-50.294898	4102
8202.594301	-48.407121	4103
8203.630993	-49.208560	4104
8204.585887	-50.191750	4105
8205.660118	-48.528591	4106
8206.603431	-47.273624	4107
8207.700691	-46.342066	4108
8208.623120	-46.288663	4109
8209.718609	-45.801754	4110
8210.642551	-44.929663	4111
8211.702361	-47.105293	4112
8212.644804	-45.555185	4113
8213.691552	-45.104802	4114
8214.652548	-44.234382	4115
8215.681778	-42.539625	4116
8216.662530	-42.543987	4117
8217.699785	-43.121976	4118
8218.673063	-42.436189	4119
8219.698527	-41.708490	4120
8220.707290	-42.300775	4121
8221.747914	-40.654387	4122
8222.686704	-41.328301	4123
8223.776080	-39.559836	4124
8224.700906	-40.688802	4125
8225.778110	-39.458284	4126
8226.714728	-39.225648	4127
8227.739150	-38.174542	4128
8228.719496	-36.967345	4129
8229.763196	-38.096644	4130
8230.757315	-37.421602	4131
8231.807089	-38.378446	4132
8232.772184	-38.169474	4133
8233.765739	-38.123046	4134
8234.771425	-35.883534	4135
8235.812479	-36.395329	4136
8236.775021	-35.111951	4137
8237.816706	-35.918798	4138
8238.785262	-35.436477	4139
8239.844183	-35.846313	4140
8240.790956	-35.476835	4141
8241.842931	-33.454992	4142
8242.818294	-34.659954	4143
8243.856204	-33.171017	4144
8244.804417	-33.182685	4145
8245.878690	-32.986389	4146
8246.805742	-33.058998	4147
8247.894682	-31.455919	4148
8248.840522	-31.446658	4149
8249.903310	-32.155021	4150
8250.849805	-31.133312	4151
8251.907128	-31.454055	4152
8252.886743	-31.746888	4153
8253.877851	-30.243199	4154
8254.890997	-31.107616	4155
8255.896603	-29.137475	4156
8256.914913	-30.606959	4157
8257.906764	-29.064628	4158
8258.911621	-29.244134	4159
8259.914307	-28.717812	4160
8260.898248	-28.971615	4161
8261.942445	-27.657027	4162
8262.891272	-26.635242	4163
8263.979241	-25.803692	4164
8264.923369	-26.205092	4165
8265.986386	-26.577253	4166
8266.902716	-27.087155	4167
8268.020700	-26.199850	4168
8268.926884	-26.343085	4169
8270.012919	-27.294272	4170
8270.959276	-27.611169	4171
8271.982198	-25.597378	4172
8272.978523	-23.402033	4173
8273.994709	-25.630785	4174
8274.999928	-26.081441	4175
8275.996624	-24.940621	4176
8276.986720	-24.678985	4177
8278.026319	-24.688510	4178
8279.003202	-23.396011	4179
8280.053812	-23.940415	4180
8280.993119	-23.324308	4181
8282.054896	-23.744299	4182
8283.025604	-22.470279	4183
8284.107056	-22.870322	4184
8285.020140	-21.645440	4185
8286.077157	-20.550411	4186
8287.035278	-23.560749	4187
8288.096057	-22.591821	4188
8289.043904	-20.992826	4189
8290.114413	-20.434440	4190
8291.055386	-20.400963	4191
8292.104192	-21.750820	4192
8293.064525	-20.776895	4193
8294.140584	-21.026257	4194
8295.118500	-21.460876	4195
8296.127653	-19.091490	4196
8297.121541	-20.504344	4197
8298.143882	-19.730746	4198
8299.104292	-20.270306	4199
8300.161084	-18.193909	4200
8301.121320	-18.228370	4201
8302.172435	-19.722118	4202
8303.111119	-17.538044	4203
8304.175674	-17.589513	4204
8305.090975	-18.668820	4205
8306.203650	-19.540429	4206
8307.103989	-18.613815	4207
8308.239645	-18.237315	4208
8309.155403	-16.374074	4209
8310.235682	-18.169453	4210
8311.148486	-17.521521	4211
8312.203961	-17.974303	4212
8313.159829	-16.622951	4213
8314.241150	-16.392451	4214
8315.183276	-16.578735	4215
8316.230178	-15.474972	4216
8317.194942	-16.151977	4217
8318.232492	-17.808330	4218
8319.221641	-15.600409	4219
8320.246508	-15.767396	4220
8321.221243	-15.558741	4221
8322.239879	-13.488562	4222
8323.241504	-15.416511	4223
8324.261592	-14.121839	4224
8325.229964	-14.475550	4225
8326.287506	-13.694729	4226
8327.262106	-15.659038	4227
8328.301136	-15.072222	4228
8329.255656	-14.101546	4229
8330.305847	-12.889129	4230
8331.270838	-14.184047	4231
8332.311921	-16.000403	4232
8333.291772	-15.087492	4233
8334.312562	-13.655470	4234
8335.289858	-12.509002	4235
8336.330136	-13.816498	4236
8337.302847	-13.351703	4237
8338.345987	-11.489235	4238
8339.280266	-12.752983	4239
8340.352005	-14.027568	4240
8341.300962	-12.468321	4241
8342.399961	-12.659524	4242
8343.317920	-12.291963	4243
8344.405815	-13.008067	4244
8345.296804	-12.315822	4245
8346.416541	-11.289050	4246
8347.288522	-12.176458	4247
8348.448624	-10.919688	4248
8349.309175	-10.757547	4249
8350.438137	-10.356960	4250
8351.353184	-10.843748	4251
8352.423658	-10.906904	4252
8353.380798	-11.096518	4253
8354.451184	-10.160233	4254
8355.382862	-9.346472	4255
8356.427486	-12.784262	4256
8357.423514	-11.782848	4257
8358.452296	-10.684305	4258
8359.430837	-10.098227	4259
8360.473586	-11.254359	4260
8361.429890	-10.410453	4261
8362.460574	-9.896633	4262
8363.418378	-9.441157	4263
8364.495010	-10.330450	4264
8365.432322	-9.209874	4265
